0.000000000000000000e+00
0.000000000000000000e+00
0.000000000000000000e+00
0.000000000000000000e+00
0.000000000000000000e+00
0.000000000000000000e+00
0.000000000000000000e+00
0.000000000000000000e+00
0.000000000000000000e+00
0.000000000000000000e+00
0.000000000000000000e+00
0.000000000000000000e+00
0.000000000000000000e+00
0.000000000000000000e+00
0.000000000000000000e+00
0.000000000000000000e+00
0.000000000000000000e+00
0.000000000000000000e+00
0.000000000000000000e+00
0.000000000000000000e+00
0.000000000000000000e+00
7.082349158683339807e-01
7.083436843457945331e-01
6.885109188983508099e-01
6.786426168340642384e-01
6.825665796969089261e-01
6.512388542014767578e-01
6.097223710396623142e-01
6.133590993395270363e-01
6.232196132313925219e-01
5.466726697240655852e-01
5.738622167792183371e-01
6.250047180468705221e-01
6.193671100946579466e-01
5.857998806461061081e-01
5.741676650764769851e-01
5.648159276178658095e-01
5.565364627622888527e-01
5.502633701966129776e-01
5.532623568974789352e-01
5.521492987034332112e-01
5.586999982359731609e-01
5.458934646610340558e-01
5.495851344888417200e-01
5.421702620985822119e-01
5.447694594872172225e-01
5.355025856886459490e-01
5.297179769144454431e-01
5.181261598084142550e-01
5.082545259522542880e-01
5.097407013594216219e-01
5.045854938739720019e-01
5.050946796252897553e-01
5.116939993661501207e-01
5.229108174119655450e-01
5.350892397020003965e-01
5.684090221963985501e-01
6.035435157632251801e-01
6.674297942759540581e-01
7.198940950392996863e-01
7.979957831937452006e-01
8.575715264190201248e-01
9.318562688890303924e-01
9.646249444736930689e-01
1.000000000000000000e+00
9.806594418847984773e-01
9.021667532114497901e-01
7.540782113797105390e-01
6.098800222966087592e-01
0.000000000000000000e+00
0.000000000000000000e+00
0.000000000000000000e+00
0.000000000000000000e+00
0.000000000000000000e+00
0.000000000000000000e+00
0.000000000000000000e+00
0.000000000000000000e+00
0.000000000000000000e+00
0.000000000000000000e+00
0.000000000000000000e+00
0.000000000000000000e+00
0.000000000000000000e+00
0.000000000000000000e+00
0.000000000000000000e+00
0.000000000000000000e+00
0.000000000000000000e+00
0.000000000000000000e+00
0.000000000000000000e+00
0.000000000000000000e+00
0.000000000000000000e+00
0.000000000000000000e+00
0.000000000000000000e+00
0.000000000000000000e+00
0.000000000000000000e+00
0.000000000000000000e+00
0.000000000000000000e+00
0.000000000000000000e+00
0.000000000000000000e+00
0.000000000000000000e+00
0.000000000000000000e+00
0.000000000000000000e+00
